-0.836533
-0.923111
-0.810944
-0.922668
-0.723465
-0.789642
-0.826218
-0.912689
-0.463455
0.091537
-0.167160
-0.382629
-0.420044
-0.409256
-0.164474
-0.243286
-0.085724
0.011414
0.161667
0.524109
-0.308929
-0.069473
-0.435303
-0.456924
-0.678787
-0.523132
-0.626816
-0.625885
-0.516632
-0.657730
-0.552277
-0.667877
-0.668716
-0.648209
-0.679214
-0.682678
-0.714462
-0.709061
-0.773376
-0.756760
-0.757767
-0.745789
-0.757782
-0.756531
-0.766800
-0.760757
-0.750931
-0.769714
-0.766464
-0.766464
-0.757065
-0.764175
-0.710175
-0.765396
-0.732895
-0.744675
-0.756104
-0.744385
-0.747894
-0.738770
-0.731903
-0.726929
-0.704437
-0.689667
-0.671936
-0.637177
-0.639694
-0.625412
-0.602707
-0.558044
-0.527557
-0.451752
-0.520844
-0.629272
-0.539810
-0.467056
-0.336304
-0.380066
-0.313507
-0.343216
-0.216324
-0.146866
-0.500046
-0.410919
-0.304657
-0.201157
-0.242554
-0.130478
-0.123535
-0.060974
-0.536087
-0.555511
-0.196640
-0.363312
-0.294098
-0.190109
-0.149216
-0.260178
-0.172089
-0.359131
-0.188187
-0.243393
-0.303925
-0.185562
-0.092407
-0.113022
-0.253830
-0.257965
-0.357513
-0.327408
-0.278168
-0.237457
-0.222824
-0.159363
-0.049301
-0.424759
-0.389969
-0.269608
-0.196472
-0.203033
-0.226257
-0.124435
-0.159561
-0.032364
-0.444519
-0.343521
-0.290695
-0.283951
-0.289963
-0.240738
-0.296646
-0.296036
-0.306870
-0.312439
-0.769180
-0.450867
-0.586472
-0.520920
-0.633530
-0.621231
-0.631561
-0.633133
-0.611008
-0.587921
-0.654770
-0.617661
-0.617783
-0.632401
-0.612366
-0.644211
-0.603287
-0.616531
-0.578583
-0.630188
-0.644547
-0.570251
-0.572479
-0.298386
-0.344025
-0.294342
-0.258209
-0.233231
-0.207169
-0.217651
-0.145065
-0.174500
-0.192978
-0.155807
-0.051392
-0.055405
-0.084534
-0.093689
-0.120270
-0.145889
-0.138901
-0.182480
-0.163284
-0.149338
-0.160110
-0.162582
-0.177078
-0.165634
-0.202484
-0.225281
-0.235352
-0.254929
-0.253265
-0.298172
-0.347137
-0.289337
-0.300858
-0.291672
-0.338623
-0.343552
-0.333206
-0.299438
-0.317688
-0.303619
-0.297577
-0.294449
-0.271332
-0.318863
-0.381790
-0.348663
-0.266479
-0.227921
-0.305771
-0.237305
-0.259308
-0.249557
-0.217468
-0.178238
-0.096786
-0.124588
-0.284058
-0.300888
-0.296448
-0.336685
-0.266312
-0.301880
-0.325851
-0.325455
-0.256622
-0.275238
-0.253357
-0.261658
-0.291992
-0.423569
-0.196884
-0.444809
-0.237228
-0.277176
-0.204422
-0.107529
-0.026077
-0.242096
-0.408203
-0.260254
-0.308655
-0.301346
-0.264923
-0.215744
-0.133148
-0.468704
-0.344055
-0.196381
-0.262833
-0.218964
0.010056
0.045242
-0.477249
-0.453247
-0.181610
-0.333832
-0.253296
-0.229294
-0.230743
-0.158463
-0.392426
-0.294586
-0.220901
-0.243622
-0.233490
-0.178207
-0.099350
-0.073288
-0.357208
-0.368698
-0.274826
-0.214630
-0.354630
-0.267792
-0.272034
-0.271713
-0.273682
-0.384079
-0.334030
-0.252808
-0.257355
-0.233063
-0.238327
-0.224518
-0.231552
-0.212357
-0.210541
-0.243561
-0.199127
-0.260254
-0.232224
-0.240433
-0.266113
-0.251694
-0.256073
-0.260605
-0.275284
-0.281830
-0.291367
-0.290344
-0.288300
-0.295013
-0.313904
-0.319244
-0.352341
-0.358063
-0.379303
-0.389069
-0.370239
-0.331238
-0.299606
-0.331650
-0.325256
-0.317535
-0.337387
-0.340973
-0.325058
-0.321045
-0.292908
-0.292328
-0.276047
-0.276321
-0.276627
-0.269150
-0.293106
-0.336090
-0.437759
-0.520081
-0.580688
-0.174179
-0.397354
-0.310120
-0.356384
-0.384216
-0.379837
-0.400528
-0.415482
-0.452576
-0.449356
-0.472122
-0.446640
-0.443848
-0.451218
-0.433197
-0.415237
-0.426483
-0.370834
-0.369324
-0.265930
-0.195374
-0.178284
-0.159119
-0.144592
-0.131866
-0.126465
-0.160355
-0.081024
-0.145355
-0.150528
-0.142273
-0.179337
-0.111389
-0.178574
-0.155853
-0.200180
-0.140915
-0.208557
-0.171707
-0.152557
-0.196350
-0.161346
-0.129120
-0.164871
-0.128723
-0.144821
-0.063538
-0.014603
-0.254501
-0.251617
-0.243088
-0.217285
-0.315063
-0.218094
-0.250824
-0.260056
-0.273315
-0.392792
-0.375992
-0.267044
-0.299179
-0.319550
-0.258652
-0.282684
-0.286575
-0.329544
-0.374649
-0.426575
-0.485825
-0.498550
-0.511688
-0.563934
-0.552612
-0.545929
-0.528137
-0.537659
-0.541916
-0.540085
-0.534103
-0.531738
-0.535812
-0.573273
-0.548508
-0.507263
-0.487411
-0.537628
-0.480194
-0.365982
-0.280716
-0.217911
-0.176407
-0.179581
-0.151749
-0.061310
-0.086121
-0.089401
-0.092346
-0.268463
-0.227570
-0.236359
-0.225769
-0.193893
-0.204514
-0.212799
-0.194565
-0.237778
-0.197571
-0.157822
-0.155518
-0.291122
-0.273148
-0.215057
-0.250839
-0.234467
-0.248810
-0.188034
-0.222473
-0.162521
-0.239548
-0.243683
-0.377884
-0.387848
-0.414780
-0.351120
-0.420486
-0.386932
-0.432236
-0.448502
-0.393066
-0.396667
-0.366074
-0.364059
-0.363281
-0.283585
-0.136093
-0.192368
-0.098862
-0.273331
-0.283829
-0.148926
0.062698
-0.422852
-0.577606
-0.208130
0.237793
0.080826
-0.970398
-0.264008
-0.032959
0.273499
-1.838425
0.056793
0.392044
0.180481
-0.707001
-0.246658
-0.234802
0.267075
-0.706039
-0.404160
0.264923
0.494888
-0.764832
-0.528900
-0.194809
0.098907
0.054367
-0.625519
0.158585
0.374573
-0.037338
-0.621109
-0.019806
0.000061
0.503693
-0.826813
-0.324142
0.158447
0.113586
0.146729
-0.006439
-0.453720
-0.318130
-0.133713
-0.505325
-0.154114
0.283081
-0.256531
-0.412491
-0.125046
-0.053528
-0.052505
0.156998
-0.662399
-0.246231
-0.164108
0.120148
0.057816
0.522278
-0.011520
-0.555298
-0.112823
-0.207993
-0.277985
-0.218170
-0.163132
-0.120712
-0.504318
-0.049652
-0.368729
-0.133484
-0.075745
-0.099731
-0.017670
-0.014343
-0.367020
-0.407654
-0.419235
-0.415176
-0.391663
-0.320724
-0.434830
-0.371704
-0.641190
-0.280930
-0.443726
-0.388962
-0.387680
-0.405273
-0.417343
-0.405807
-0.387741
-0.379547
-0.407761
-0.309860
-0.337448
-0.293137
-0.211746
-0.157516
-0.145706
-0.120667
-0.095398
-0.254471
-0.509109
-0.224579
-0.092010
-0.358887
-0.117294
-0.202621
-0.235870
-0.307068
-0.273239
-0.269867
-0.286819
-0.264954
-0.317291
-0.343903
-0.318268
0.058929
-0.023575
-0.062851
0.031754
-0.011383
0.061386
0.158646
0.137985
0.195084
-0.222000
-0.176315
-0.319321
-0.175034
-0.095139
-0.158966
0.000366
-0.291275
-0.152771
0.000076
0.000610
-0.027145
0.114517
0.303177
-0.134659
-0.285919
-0.183014
-0.127945
-0.207245
-0.225723
-0.232986
-0.194305
-0.240311
-0.048767
-0.050980
-0.073349
-0.031219
-0.019730
-0.047607
0.104172
0.016876
-0.020432
-0.110931
-0.201065
-0.142776
-0.148438
-0.123795
-0.123840
-0.106171
-0.097153
-0.072861
-0.108032
-0.120499
-0.154205
-0.190735
-0.238770
-0.317856
-0.346786
-0.352036
-0.415054
-0.372147
-0.359360
-0.288422
-0.224777
-0.142975
-0.249969
-0.232300
-0.483047
-0.659195
-0.702454
-0.668930
-0.617218
-0.632767
-0.607788
-0.600098
-0.621368
-0.615158
-0.682907
-0.677994
-0.647125
-0.605194
-0.560165
-0.572296
-0.655548
-0.517288
-0.290497
-0.291107
-0.311279
-0.175629
-0.156586
-0.026062
-0.316177
-0.419876
-0.352234
-0.235825
-0.266251
-0.199387
-0.153229
-0.137085
-0.289352
-0.261246
-0.349945
-0.111420
-0.175064
-0.073334
-0.125885
-0.036728
-0.288376
-0.325485
-0.323547
-0.325226
-0.265366
-0.258255
-0.249802
-0.225037
-0.268356
-0.210571
-0.221985
-0.194290
-0.177673
-0.190018
-0.185226
-0.183609
-0.205215
-0.226410
-0.260391
-0.312820
-0.346130
-0.384583
-0.585449
-0.573807
-0.509720
-0.552094
-0.536606
-0.524536
-0.575989
-0.669556
-0.713242
-0.738617
-0.770645
-0.763962
-0.695557
-0.675919
-0.676926
-0.684662
-0.624008
-0.598007
-0.488770
-0.357880
-0.567825
-0.284119
-0.364136
-0.192841
-0.310623
-0.394669
-0.157272
-0.264694
-0.192368
-0.206650
-0.197159
-0.180573
-0.153976
-0.182312
-0.162476
-0.198624
-0.137848
-0.235550
-0.250366
-0.188965
-0.224045
-0.210464
-0.176331
-0.154770
-0.185944
-0.317902
-0.321686
-0.199661
-0.176086
-0.140396
-0.072052
0.019577
-0.518082
-0.421387
-0.253586
-0.335968
-0.275574
-0.293747
-0.316650
-0.469757
-0.340454
-0.387466
-0.351440
-0.311035
-0.284210
-0.305023
-0.302124
-0.313797
-0.300262
-0.297852
-0.284668
-0.292099
-0.284821
-0.274948
-0.281906
-0.282883
-0.341461
-0.417908
-0.448608
-0.307083
-0.348175
-0.372498
-0.327347
-0.404678
-0.391281
-0.342850
-0.379730
-0.486343
-0.270905
-0.153183
-0.231659
-0.173538
-0.162903
-0.114868
-0.135620
-0.086670
-0.048996
-0.016327
-0.015381
-0.174194
-0.163574
-0.332840
-0.307938
-0.313965
-0.277145
-0.275513
-0.303116
-0.264618
-0.253052
-0.222488
-0.184296
-0.493118
-0.243195
-0.195557
-0.197021
-0.120987
-0.139359
-0.082367
-0.018402
0.037155
-0.061722
-0.305786
-0.225418
-0.328857
-0.232437
-0.218719
-0.211273
-0.236603
-0.273438
-0.183197
-0.389450
-0.155182
-0.117416
-0.136826
-0.164246
-0.109573
-0.230942
-0.158859
-0.191055
-0.217026
-0.225372
-0.210556
-0.207932
-0.191650
-0.247421
-0.269791
-0.289124
-0.265564
-0.161240
-0.270370
-0.251251
-0.287155
-0.231155
-0.241714
-0.159119
-0.169174
-0.308578
-0.281921
-0.277786
-0.307968
-0.252136
-0.206146
-0.207993
-0.128128
-0.209930
-0.263412
-0.421616
-0.026230
-0.197647
-0.102600
-0.030197
0.022385
0.052063
-0.199234
-0.380249
-0.319763
-0.212433
-0.195145
-0.135986
-0.080627
-0.218521
-0.250122
-0.442276
0.056778
-0.239487
-0.053711
-0.015167
0.052887
-0.433319
-0.309799
-0.187119
-0.340698
-0.225998
-0.236389
-0.258865
-0.201981
-0.280594
-0.215195
-0.315247
-0.278107
-0.240646
-0.180664
-0.173019
-0.075409
-0.568100
-0.222580
-0.337708
-0.400497
-0.334991
-0.373077
-0.363861
-0.391739
-0.396103
-0.370682
-0.422897
-0.439484
-0.390076
-0.350372
-0.395477
-0.414505
-0.307693
-0.062454
-0.015259
-0.177979
-0.159439
-0.210403
-0.226608
-0.341400
-0.315353
-0.246353
-0.184662
-0.016495
-0.148514
-0.230621
-0.204453
-0.199646
-0.296616
-0.335403
-0.368240
-0.127487
-0.165024
-0.207397
-0.196121
-0.188492
-0.153854
-0.227051
-0.201294
-0.258102
-0.203934
-0.231079
-0.167755
-0.120102
-0.226227
-0.191162
-0.130112
-0.123901
-0.293518
-0.153030
-0.025223
-0.049591
0.238617
-0.271515
-0.262970
-0.257751
-0.233673
-0.374771
-0.237610
-0.306046
-0.272797
-0.228119
-0.532913
-0.640640
-0.132568
-0.320038
-0.188965
-0.197708
-0.245499
-0.184341
-0.228851
-0.282257
-0.202728
-0.208618
-0.223083
-0.217621
-0.276978
-0.286423
-0.271835
-0.327759
-0.304718
-0.325974
-0.303162
-0.288452
-0.272842
-0.270187
-0.252426
-0.195618
-0.345596
-0.334351
-0.226807
-0.198380
-0.242111
-0.238007
-0.232407
-0.151978
-0.200119
-0.192627
-0.212219
-0.190933
0.031891
-0.199631
-0.082458
-0.033127
-0.091766
-0.028595
0.007950
-0.295273
-0.210373
-0.373169
-0.235947
-0.262100
-0.260544
-0.270020
-0.223907
-0.166275
-0.106995
-0.330276
-0.278336
-0.342499
-0.198547
-0.180725
-0.161743
-0.114914
-0.123779
-0.084824
-0.120438
-0.088959
-0.215073
-0.233612
-0.281311
-0.285263
-0.243958
-0.242752
-0.272354
-0.254044
-0.240646
-0.390305
-0.409866
-0.335403
-0.326782
-0.381989
-0.460693
-0.434464
-0.856812
-1.002228
-1.422165
-1.254181
-0.890915
-0.851654
-0.865601
-0.789139
-0.700684
-0.509903
-0.454529
-0.629974
-0.647903
-0.639572
-0.395538
-0.376007
-0.337173
-0.376236
-0.243683
-0.284927
-0.187408
-0.255157
-0.167725
-0.209976
-0.188431
-0.179733
-0.206665
-0.209152
-0.240219
-0.276199
-0.668594
-0.368744
-0.382019
-0.483841
-0.431564
-0.479691
-0.460754
-0.487793
-0.487183
-0.458740
-0.456009
-0.444611
-0.432281
-0.386719
-0.404800
-0.408524
-0.303207
-0.215363
-0.260406
-0.214127
-0.250839
-0.203629
-0.260818
-0.181641
-0.219528
-0.176041
-0.176147
-0.164185
-0.176056
-0.146561
-0.107605
-0.084473
-0.111176
-0.052734
-0.106735
-0.101974
-0.064789
-0.120026
-0.225983
-0.269287
-0.407928
-0.315567
-0.365921
-0.324509
-0.299866
-0.341568
-0.292252
-0.638031
-0.349045
-0.404022
-0.332169
-0.290588
-0.277298
-0.198151
-0.134354
-0.139175
-0.095184
-0.343002
-0.393341
-0.301025
-0.252899
-0.338608
-0.352310
-0.339828
-0.252487
-0.295090
-0.239532
-0.233429
-0.582092
-0.173416
-0.298325
-0.239380
-0.197159
-0.253754
-0.248611
-0.196884
-0.254944
-0.271561
-0.263489
-0.273483
-0.265762
-0.278259
-0.279648
-0.263016
-0.273636
-0.279999
-0.263046
-0.307877
-0.414764
-0.268951
-0.400604
-0.275192
-0.302628
-0.310501
-0.281647
-0.310242
-0.222290
-0.159195
-0.347610
-0.245316
-0.396530
-0.284378
-0.230362
-0.175812
-0.003326
0.183975
-0.436996
-0.356857
0.041946
-0.121231
0.031815
-0.039719
-0.452164
-0.239243
-0.167374
-0.068802
0.164505
-0.489075
-0.432480
-0.095688
-0.442123
-0.391571
-0.293823
-0.410934
-0.677475
-0.145920
-0.363571
-0.332275
-0.371964
-0.324387
-0.350037
-0.377472
-0.558502
-0.713608
-0.419159
-0.643967
-0.627060
-0.562302
-0.602478
-0.577759
-0.611511
-0.598846
-0.600418
-0.604736
-0.607300
-0.602554
-0.611282
-0.607590
-0.605988
-0.602493
-0.613815
-0.617111
-0.613281
-0.614655
-0.638702
-0.607239
-0.646805
-0.652435
-0.646011
-0.640518
-0.697800
-0.578522
-0.492615
-0.527618
-0.446960
-0.480652
-0.501038
-0.503784
-0.498596
-0.796463
-0.532700
-0.554306
-0.637283
-0.600037
-0.623199
-0.623657
-0.638107
-0.626801
-0.634491
-0.637070
-0.628143
-0.633591
-0.630951
-0.627243
-0.633224
-0.631790
-0.632797
-0.628189
-0.627502
-0.627945
-0.630020
-0.625656
-0.625946
-0.636826
-0.627411
-0.633072
-0.626785
-0.627945
-0.629440
-0.633041
-0.631958
-0.632431
-0.634659
-0.630386
-0.635788
-0.624588
-0.635300
-0.632980
-0.638062
-0.633926
-0.631897
-0.634186
-0.632324
-0.632568
-0.633286
-0.634964
-0.628510
-0.627701
-0.631485
-0.632553
-0.634583
-0.636124
-0.642181
-0.639572
-0.635223
-0.634583
-0.636276
-0.640411
-0.640427
-0.648895
-0.643234
-0.639481
-0.646896
-0.646423
-0.638641
-0.635101
-0.639633
-0.647858
-0.641129
-0.643082
-0.640686
-0.648529
-0.643723
-0.645401
-0.646103
-0.637314
-0.647034
-0.642807
-0.638992
-0.638596
-0.637329
-0.643372
-0.644913
-0.636124
-0.637726
-0.635208
-0.635803
-0.629105
-0.623764
-0.638840
-0.644058
-0.625778
-0.598557
-0.656784
-0.625916
-0.551880
-0.471207
-0.488770
-0.627808
-0.366821
-0.206818
-0.215118
-0.129242
-0.021423
0.013977
-0.015549
-0.059769
-0.136307
-0.437546
-0.672333
-0.276031
-0.301727
-0.371414
-0.347198
-0.372070
-0.328903
-0.345276
-0.314178
-0.288315
-0.261566
-0.212051
-0.197662
-0.052750
-0.191757
-0.120682
-0.041382
-0.162979
-0.002457
0.057510
-0.150940
-0.023895
-0.046310
0.020966
-0.295731
-0.330627
-0.501526
-0.543091
-0.564697
-0.664886
-0.612091
-0.625351
-0.650177
-0.669586
-0.688278
-0.687592
-0.667297
-0.694489
-0.698975
-0.684036
-0.683380
-0.645859
-0.667694
-0.668762
-0.650085
-0.653763
-0.659073
-0.622116
-0.666321
-0.665421
-0.662201
-0.657303
-0.656754
-0.616669
-0.671188
-0.633484
-0.594498
-0.623489
-0.576981
-0.601776
-0.625992
-0.630798
-0.625946
-0.629700
-0.636032
-0.678238
-0.657440
-0.661346
-0.672470
-0.705566
-0.707397
-0.740250
-0.739029
-0.636917
-0.532272
-0.353775
-0.295792
-0.263779
-0.290131
-0.124741
-0.119934
-0.391891
-0.238373
-0.149918
-0.149612
-0.098557
-0.100769
-0.016418
0.136017
-0.004791
-0.267563
-0.358536
-0.158264
-0.212646
-0.238602
-0.176987
-0.026611
-0.177078
-0.108444
-0.322418
-0.031509
-0.093307
-0.095230
0.044327
0.151398
-0.166946
-0.236038
-0.349655
-0.117386
-0.246857
-0.097061
-0.141174
-0.088776
-0.062500
-0.241531
-0.298676
-0.040436
-0.053253
0.015488
0.250763
-0.002686
-0.293915
-0.381866
-0.016830
-0.180847
-0.059921
0.078262
-0.216705
-0.236755
-0.335419
-0.047958
-0.154282
-0.018005
-0.019012
-0.276138
-0.276642
-0.118378
-0.262360
-0.125320
-0.182831
-0.151810
-0.168381
-0.183090
-0.171417
-0.166168
-0.166565
-0.158798
-0.164093
-0.166718
-0.193268
-0.199112
-0.157898
-0.202240
-0.204132
-0.197388
-0.213135
-0.298615
-0.194870
-0.043198
-0.104950
-0.151718
-0.144302
-0.184799
-0.196976
-0.159882
-0.119171
-0.169510
-0.194672
-0.159805
-0.200790
-0.225662
-0.206924
-0.158371
-0.212051
-0.133545
-0.096924
-0.218674
-0.203522
-0.243134
-0.126587
-0.082275
-0.116486
-0.043549
-0.035645
-0.004730
0.056107
-0.011871
-0.360931
-0.237442
-0.162445
-0.143478
-0.114594
-0.083267
-0.005463
-0.124649
-0.082306
-0.347885
0.040085
-0.062210
-0.074722
0.011444
0.027435
0.074951
0.001389
-0.162170
-0.260788
-0.151016
-0.110916
-0.197617
-0.083481
-0.044952
-0.008102
-0.321289
-0.267929
0.016785
-0.137756
0.015671
0.107635
0.199677
-0.299088
-0.293777
-0.087372
-0.109634
-0.175705
-0.006226
0.004211
-0.142853
-0.302292
0.136826
-0.139206
0.097641
0.050919
0.284637
-0.437500
-0.421967
0.059784
-0.040192
0.115616
-0.050400
-0.272736
-0.196014
-0.020416
-0.108841
0.270920
0.167465
-0.375809
-0.386017
-0.007263
-0.128906
-0.014679
-0.024368
-0.104370
-0.194931
-0.101807
-0.009186
-0.129929
0.075439
-0.018295
-0.191605
-0.387451
-0.242294
-0.330765
-0.217941
-0.293182
-0.259445
-0.223526
-0.195969
-0.168777
-0.097321
-0.239029
0.023224
-0.005066
-0.020935
0.064606
0.111389
0.056076
0.169159
0.233704
0.109512
-0.206406
-0.222351
-0.060898
-0.183899
-0.153198
-0.055847
0.011307
0.007797
-0.270660
-0.068680
-0.064514
0.036118
0.302307
-0.166199
-0.285187
0.038559
-0.134308
-0.027679
-0.019394
0.255814
-0.484055
-0.393585
0.025970
-0.124084
0.176834
0.206848
-0.267273
-0.171173
-0.194305
-0.060089
-0.081879
0.023087
-0.041519
-0.188324
-0.215225
-0.081726
0.027466
0.053513
0.211700
0.645142
-0.428192
-0.418564
0.076843
-0.055008
-0.017838
-0.080582
-0.149429
-0.191574
-0.070038
-0.086945
-0.001999
0.197128
-0.552856
-0.563324
0.357742
-0.515533
-0.329971
-1.329178
-1.848114
-0.953247
-0.885925
-0.796585
-0.758347
-0.530731
-0.435349
-0.575104
-0.617203
-0.513580
-0.343246
-0.516068
-0.337463
-0.351562
-0.209595
-0.213089
-0.157745
-0.134201
-0.111923
-0.057556
-0.096863
-0.102798
-0.169846
-0.491531
-0.451874
-0.224213
-0.286469
-0.296204
-0.347336
-0.286011
-0.345230
-0.258194
-0.212616
-0.107346
-0.306366
-0.279800
-0.011627
-0.145782
-0.015030
-0.002472
0.046906
0.318649
-0.014191
-0.463531
0.023941
-0.236542
-0.191284
-0.085495
-0.150574
-0.299774
-0.284607
-0.188675
-0.141388
-0.148560
-0.076202
-0.045242
-0.048477
-0.019653
0.001938
0.019424
0.039185
-0.370773
-0.240570
-0.214508
-0.151184
-0.076813
-0.192841
-0.149323
0.060669
-0.280914
-0.291245
-0.061935
-0.034164
-0.070633
0.178497
0.022278
-0.232208
-0.273819
-0.044785
-0.184555
0.109482
-0.059296
-0.154770
-0.109818
-0.108627
0.299835
-0.158905
-0.281342
0.018631
-0.087524
0.212601
-0.142624
-0.101151
-0.056152
-0.179657
-0.018097
-0.039810
-0.521347
-0.256668
-0.245697
-0.388992
-0.208755
-0.314896
-0.289459
-0.239304
-0.243317
-0.170486
-0.220200
-0.207123
0.061279
-0.070465
-0.056931
0.034851
0.081024
0.115616
0.266235
-0.167175
-0.208389
-0.166565
-0.189026
-0.126160
-0.114868
-0.088287
-0.031433
-0.273941
-0.163315
-0.122742
-0.044235
0.010010
0.121201
0.110596
0.146286
0.229477
0.015747
-0.209900
-0.230637
-0.037292
-0.097275
-0.119568
0.051208
-0.273453
-0.187851
0.010376
-0.075424
-0.029190
0.102661
0.089401
0.063293
-1.227844
-0.953003
-0.880295
-0.937592
-0.955246
-1.054977
-1.024063
-0.990768
-0.926254
-1.041260
-0.947067
-0.978027
-0.993378
-0.961975
-0.982269
-0.985199
-0.973969
-0.978485
-0.977676
-0.993500
-0.945801
-0.958588
-0.932617
-0.954453
-0.975189
-0.976242
-0.986588
-1.085022
