0.337936
0.300980
0.340912
0.423187
0.555939
0.541946
0.723663
0.228134
0.895218
1.171539
0.812454
0.696213
1.121674
0.897034
0.225754
0.875381
1.670410
1.459457
0.850296
0.594482
1.223846
1.053802
0.912994
0.755219
0.743744
0.770966
0.627380
0.824493
0.618057
0.662521
0.668503
0.641373
0.620148
0.546005
0.507233
0.470535
0.513321
0.509659
0.475784
0.452026
0.525650
0.495117
0.509720
0.499802
0.497452
0.538940
0.511139
0.512451
0.506088
0.517456
0.498825
0.532410
0.473053
0.531403
0.524658
0.529205
0.507401
0.516251
0.530426
0.538345
0.524460
0.528290
0.549744
0.554672
0.573883
0.555801
0.602890
0.565094
0.601181
0.593079
0.589966
0.602463
0.654465
0.792603
0.900391
0.875214
0.850662
0.845764
0.906052
0.951935
0.971268
1.002747
1.203598
0.563751
0.831329
0.783691
0.835007
0.794937
0.889954
0.930557
1.104416
0.743774
0.941772
0.873627
0.893997
0.966415
0.983887
1.282394
0.714767
0.791428
1.002029
0.955994
0.883194
0.806717
0.962036
1.016296
1.050262
0.923721
0.852844
0.964020
0.901352
0.969040
0.943893
0.967972
1.051773
1.163254
0.756592
1.066467
0.834579
0.933899
0.927399
0.915710
0.944244
0.992081
1.174805
0.770630
0.964981
0.974777
0.932236
0.927750
0.946960
0.940704
0.896027
0.902390
1.064377
0.502655
0.812927
0.537735
0.559525
0.436615
0.468185
0.368027
0.377792
0.358322
0.367996
0.386429
0.386993
0.389160
0.366425
0.412430
0.406281
0.465363
0.554932
0.634079
0.686920
0.666183
0.890884
1.026001
0.881912
0.948868
0.937317
0.964539
0.979797
0.990723
0.975555
1.042435
0.896347
0.946930
1.103638
1.017700
0.947006
1.014481
0.953537
0.980026
0.974487
0.948715
0.953781
0.973358
0.912521
0.934235
0.919067
0.915421
0.892914
0.905594
0.924927
0.928711
0.948944
0.932617
0.938522
1.043793
0.945831
0.950226
0.947601
0.943207
0.935654
0.941910
0.928406
0.936340
0.937943
0.932236
0.954651
0.987549
0.966217
0.928726
0.956116
1.001617
0.853775
0.923798
0.908295
0.886826
0.902237
0.891037
0.975769
1.090622
0.827942
0.996643
0.928040
0.976578
0.951340
0.947250
0.942734
0.920105
0.954437
0.930450
0.931046
0.994415
1.075043
0.939453
0.949493
0.963303
0.809143
0.891388
0.803619
0.947250
1.059555
1.162643
0.659164
0.951019
0.907425
0.977219
0.936386
0.971069
1.030243
1.196579
0.774811
0.920074
0.865219
0.825119
1.007828
1.073105
1.037598
0.892105
1.004318
0.896347
0.980057
0.976959
0.967224
0.966034
1.151184
0.840424
0.977829
0.852356
0.876129
0.925461
0.978455
1.002441
1.046967
0.934372
0.897400
0.958908
0.947784
0.946243
0.950150
0.935135
0.978119
0.930618
0.897415
0.940247
0.907150
0.919937
0.923477
0.915741
0.916183
0.911194
0.902481
0.974258
0.938446
0.912048
0.930176
0.939499
0.931122
0.936966
0.951965
0.930969
0.950424
0.932114
0.914627
0.933197
0.923813
0.932449
0.878006
0.952484
0.858688
0.885437
0.882004
0.842865
0.825516
0.813828
0.786133
0.758987
0.768799
0.800446
0.754303
0.740753
0.724548
0.737518
0.742050
0.761063
0.720261
0.744232
0.729858
0.750916
0.772644
0.757980
0.779800
0.768539
0.918213
1.100357
0.793320
0.973679
0.925598
0.901520
0.894577
0.895172
0.918365
0.929230
0.878632
0.881180
0.889816
0.889175
0.895889
0.900665
0.911896
0.896393
0.942291
0.920486
0.935410
1.027435
1.000443
0.913559
0.984467
0.992477
0.957611
0.957596
0.999420
0.976089
0.978287
0.958969
0.972946
1.014694
0.952820
0.950363
0.980743
0.959412
0.945465
1.017258
0.944626
0.946945
0.957626
0.956635
0.888229
0.883408
0.920029
0.949783
1.027084
0.839630
1.024048
0.950867
1.002243
0.919113
0.963074
0.966705
0.937424
1.041687
0.859619
0.889755
0.942841
0.860519
0.823792
0.884964
0.855255
0.876862
0.830750
0.826431
0.846359
0.759293
0.849258
0.770096
0.774155
0.770737
0.762573
0.769669
0.775391
0.760406
0.773895
0.781097
0.776276
0.753937
0.756287
0.731094
0.834183
0.796967
0.790359
0.826706
0.888992
0.955582
0.954514
0.904282
0.853073
0.902603
0.962036
0.869843
0.949783
0.989578
1.014877
0.973343
0.980133
0.999390
0.959152
0.960571
0.984924
0.989487
0.964737
0.964676
0.993744
0.982803
1.229279
0.869217
1.007126
0.953690
0.940262
0.854980
0.924774
0.921448
0.953430
0.922394
0.916611
0.981735
0.786865
1.044968
0.935623
0.925858
0.919678
0.895691
0.869537
0.902054
0.918793
0.901718
0.907379
0.965286
0.934418
1.161530
0.862610
0.929474
1.022064
1.001663
0.854156
0.783340
1.479568
1.154541
1.148056
0.771378
0.401733
2.065872
0.831985
0.450607
0.427872
1.952881
1.195145
0.523056
0.548843
1.832977
1.219025
0.357910
0.492889
2.362595
1.386246
0.611526
0.578964
1.162994
1.616196
0.614639
0.297089
1.004623
1.011642
1.158569
0.451218
0.622055
1.832321
0.928055
0.328613
0.671616
2.314117
0.867950
0.828720
0.702652
1.042770
1.706009
0.684845
0.761841
1.067856
0.689651
0.931137
1.043152
1.604034
0.289093
1.186447
0.807999
0.980972
0.951950
1.383804
0.960678
0.980118
0.682144
0.976578
0.974655
1.295074
0.951294
0.960846
0.938110
0.945541
0.943924
0.975510
0.968857
1.097992
0.995804
0.960358
0.812027
0.845566
0.894012
1.056534
1.046875
0.758804
1.113464
1.009506
0.794815
0.974045
0.903015
0.932770
0.850281
0.987930
0.852432
0.829865
0.882538
0.870651
0.893524
0.863083
0.866257
0.912216
0.848587
0.917435
0.906616
0.918045
0.925613
0.897491
0.920746
0.890244
0.904190
0.881821
0.920395
0.994843
1.275909
0.819839
0.912796
0.965408
0.958221
0.942062
0.916504
0.966965
0.955551
0.943222
0.897766
0.871368
0.980423
1.092133
1.114868
0.962921
1.028519
0.940689
0.866760
0.949036
0.922745
0.974060
1.353790
0.774139
1.098755
0.977661
0.919052
0.992584
0.947006
1.022125
1.212646
0.944168
0.961166
0.837097
0.884872
0.973984
1.028351
1.145477
0.852570
1.051392
0.915054
1.019531
1.019821
0.929031
1.094116
0.842896
1.109573
0.984756
1.011475
0.981644
0.979675
1.013489
0.972397
0.969055
0.979355
1.001404
0.994308
1.034607
1.011490
0.984818
0.984238
0.967957
0.987396
0.969391
0.997574
0.981735
0.979645
0.959488
0.943558
0.925751
0.925247
0.925186
0.894516
0.917572
0.798019
0.844727
0.910461
0.863892
0.924057
0.880814
0.951767
0.809631
0.807144
0.791840
0.753067
0.730499
0.704391
0.654312
0.657455
0.672821
0.644867
0.663956
0.641541
0.610855
0.634583
0.652481
0.744019
0.910828
0.666534
0.740051
0.993179
0.857193
0.965347
0.965317
1.243500
0.847794
0.880371
0.947845
0.931549
0.976074
0.988113
1.011169
1.285843
0.751175
1.096390
0.835037
0.960007
0.972168
0.992096
0.989426
1.181458
0.830109
0.935730
1.044159
0.924545
0.942993
0.958130
1.070358
0.877518
1.008759
0.949142
1.005585
0.990494
0.990433
0.982437
0.939178
0.952942
0.927933
0.904282
0.873123
0.812012
0.992111
0.756470
0.881165
0.684937
0.734039
0.736343
0.732971
0.772583
0.754547
0.731522
0.734222
0.758209
0.758118
0.731522
0.672577
0.607574
0.551788
0.609268
0.742630
0.788956
0.739395
0.638077
1.013153
1.015915
0.907806
1.031311
0.934326
1.038498
0.935898
0.966644
1.012436
0.993744
0.961044
0.988007
0.972702
0.990143
0.978943
0.984634
0.953506
0.951645
1.012024
0.933517
0.985352
0.963898
1.007065
1.174164
0.801697
0.986969
0.907700
0.947601
0.956680
0.985214
1.048355
0.831711
0.990982
1.048233
0.870346
0.975220
0.950394
0.937973
1.158981
0.760269
0.937546
0.870651
0.894562
0.885880
0.867569
0.867447
0.869400
0.866241
0.879852
0.859741
0.870361
0.861282
0.882996
0.878326
0.880402
0.797745
0.893814
0.880737
1.122620
0.838730
0.940720
0.936157
0.915939
0.879776
0.933838
0.850693
0.953094
1.114594
1.066162
0.922302
0.956192
0.977707
0.975555
0.943283
0.905182
0.935394
1.006760
1.199448
1.057343
1.026016
0.889816
1.040390
0.968674
0.886642
0.912643
0.919006
0.902985
0.917542
0.940552
0.980026
1.072983
0.921036
0.991821
0.950592
0.998810
0.958923
0.903564
1.040848
1.057190
1.262924
0.735672
0.994614
0.997528
0.970871
0.986191
0.978836
0.975845
0.942017
0.901810
1.020020
0.981537
1.030441
0.970505
0.975113
1.031677
0.981705
0.953522
0.975876
0.977219
0.966202
0.976364
0.971085
0.977905
0.975296
0.939285
0.935501
0.986755
1.028076
0.958664
0.973969
0.948975
0.950882
0.943634
0.953400
1.005096
1.072708
0.920868
1.029694
0.903137
0.951782
0.955688
0.954437
1.006042
1.201736
0.826691
0.917603
1.012192
0.888504
0.866211
0.976883
1.018692
1.238129
0.951935
0.890335
1.066879
0.827469
0.970718
0.989624
1.029388
1.311829
0.779739
0.896912
0.986221
0.860199
0.950104
1.021744
1.058273
0.968704
0.869339
1.018707
0.812897
0.992340
0.922287
0.938919
0.935974
1.226318
0.841675
1.078751
1.001389
0.841721
0.929123
0.969498
0.989517
1.255737
0.784180
0.974640
0.902115
0.946930
0.915985
0.930145
0.918350
0.910995
0.934372
0.841309
0.885834
0.950439
0.910828
0.880203
0.871521
0.907745
1.320450
0.915405
0.951752
0.962097
0.950043
0.950256
0.931900
0.896500
0.965424
1.079330
1.096558
0.955948
0.969269
0.988495
1.005615
0.903458
0.827271
1.149475
0.876831
1.066422
0.997986
0.940582
0.987579
0.982681
0.963165
0.970825
0.960541
0.983795
0.989136
0.958252
0.988693
0.934387
0.988098
1.032715
1.070099
0.887161
0.828293
0.806992
1.111923
1.194305
0.710449
1.044281
0.939987
1.008362
0.844193
0.928894
0.896759
0.921295
0.968536
0.938797
0.891022
0.884308
0.979156
0.895447
0.945267
0.957428
0.954620
0.921371
0.968094
1.121017
1.051117
0.933380
0.998672
0.941727
0.884521
0.886520
0.942215
0.928040
0.933411
0.967346
0.932022
0.964752
0.937454
0.953949
1.048508
0.849854
0.986679
0.944000
1.028961
0.907318
0.904526
0.890121
0.920746
0.929626
0.903244
0.938782
0.976379
1.122910
0.893250
0.823013
0.821045
0.868347
0.975464
1.076523
1.042404
0.901749
0.922226
0.973343
0.976181
0.932495
0.956345
0.965240
1.003632
1.018997
1.213974
0.839737
0.910172
0.983978
0.955994
0.977264
0.977310
0.941254
0.936691
0.929825
0.980255
1.298553
0.748718
1.017349
0.931702
0.980789
0.983704
0.922958
0.957245
0.949493
0.950867
0.865295
0.838531
0.726822
0.692261
0.656250
0.742172
0.473221
0.406586
0.513168
0.603699
0.460312
0.458862
0.433441
0.435669
0.409637
0.555161
0.498398
0.589279
0.812592
0.963989
0.890747
0.831055
0.806046
0.909958
0.837311
0.905792
0.922577
0.868256
0.907227
0.917068
0.882690
0.919312
0.909058
0.898315
0.880432
0.985580
0.910629
0.895233
0.948151
0.791824
0.823013
0.818298
0.816772
0.832535
0.864685
0.835892
0.852417
0.846909
0.848694
0.920288
0.939346
0.928940
0.983292
0.942337
0.934158
0.981369
0.965332
1.008484
0.954620
0.995346
0.967834
0.963669
0.969330
0.998352
0.994263
0.956833
0.979584
1.005692
0.972351
0.999390
0.957809
0.923492
1.069061
1.076370
0.885284
0.969894
0.874619
1.016281
0.832443
0.956345
0.911743
0.963226
1.036942
0.951447
0.859558
0.966827
0.914490
0.875641
0.943405
0.918289
0.967590
0.986389
1.120682
0.971756
0.985016
0.957291
1.001587
0.892639
0.932709
0.929062
0.933975
0.934341
0.924408
0.963974
1.234955
0.819336
0.998749
0.924164
0.963486
0.920563
0.921555
0.968063
0.913040
0.891281
0.908783
0.925171
0.920914
0.900208
0.895554
0.908813
0.907120
0.917023
0.914886
0.951752
1.017197
0.975845
1.003754
0.909485
0.949020
0.910248
0.929352
0.942886
0.932388
1.006653
1.187729
0.800095
1.012146
0.919739
0.867508
0.931152
1.021362
1.170181
0.834137
0.934387
0.966400
0.833450
1.106049
1.087616
0.778671
0.938461
0.929901
0.777451
1.123901
1.562454
0.307816
1.315735
0.820358
0.847015
0.929092
0.923721
0.968796
0.944687
0.994125
0.745544
0.862930
0.877426
0.823044
0.851318
0.898804
0.898636
0.758942
0.851242
0.772095
0.774399
0.770737
0.744141
0.749283
0.733170
0.753082
0.765778
0.751389
0.741013
0.755280
0.746933
0.747986
0.747238
0.743912
0.739456
0.742050
0.741669
0.735321
0.722641
0.724060
0.730972
0.703522
0.710342
0.809372
0.785736
0.807083
0.794220
0.784500
0.660980
0.691498
0.728851
0.735199
0.982254
0.481216
0.711792
0.849960
0.759598
0.753555
0.740341
0.750565
0.741989
0.740402
0.746994
0.739609
0.744690
0.749176
0.742126
0.738235
0.743240
0.748672
0.742722
0.748352
0.747742
0.741928
0.746643
0.742340
0.744873
0.745346
0.749496
0.745361
0.741241
0.749268
0.747391
0.742035
0.748291
0.744385
0.745346
0.743500
0.747238
0.743469
0.743484
0.741699
0.744263
0.737778
0.746307
0.739105
0.741425
0.743347
0.747284
0.742111
0.740601
0.745560
0.739410
0.738327
0.743362
0.746567
0.747421
0.747726
0.742340
0.741959
0.743301
0.738297
0.738251
0.744781
0.725540
0.721390
0.746017
0.746674
0.733902
0.737778
0.737091
0.743195
0.733154
0.742767
0.739624
0.738129
0.742416
0.737793
0.743805
0.742172
0.744064
0.739319
0.743942
0.738831
0.739914
0.755707
0.741241
0.745071
0.745895
0.750580
0.746216
0.757889
0.752411
0.756195
0.755554
0.763428
0.777664
0.755585
0.747192
0.802048
0.817230
0.900604
0.880051
0.806076
0.864578
0.808716
0.950623
0.889801
0.917480
0.877396
0.954453
0.971481
0.911240
0.984680
0.890732
0.854050
0.984314
0.913940
0.899490
0.919296
0.936279
0.993271
0.948029
0.845322
1.213745
1.006363
0.894745
0.958145
1.034912
0.900177
1.063889
1.084656
0.794235
0.895554
1.045120
1.187149
0.847565
0.802216
0.875122
0.851456
0.758240
0.730911
0.764313
0.813232
0.700104
0.655045
0.596390
0.610138
0.640045
0.695282
0.658203
0.685989
0.664001
0.722626
0.701859
0.709564
0.708771
0.705215
0.727341
0.668457
0.642410
0.682083
0.667908
0.676865
0.657074
0.632599
0.637680
0.627716
0.625748
0.618225
0.620697
0.583801
0.598221
0.595566
0.593414
0.604248
0.595688
0.589172
0.588348
0.603973
0.612839
0.624527
0.597656
0.705353
0.760208
0.731842
0.857651
0.943848
0.896042
0.893463
0.887375
0.931290
0.976074
1.075027
0.972534
1.001175
0.889496
0.993561
0.919006
0.983612
1.039856
1.176193
0.835144
0.936127
1.043335
0.936401
0.973618
0.939865
1.027740
1.308685
0.805817
0.952591
0.976105
0.884857
0.859985
0.972794
1.046036
1.330276
0.695877
1.075821
0.948242
0.944595
0.995209
0.970917
0.985916
1.175278
0.992020
0.876923
0.978226
0.859299
0.958786
1.059937
1.323715
0.646149
1.057846
0.994354
0.939789
1.006210
1.015503
1.377563
0.709213
1.118057
0.924927
0.946594
0.966522
0.981277
1.214493
0.925613
1.006912
0.955353
0.988754
0.988602
0.990387
0.983261
0.974762
0.972977
0.974319
0.980881
0.980148
0.979904
0.973541
0.985596
0.979630
0.975357
0.984726
0.976746
0.970337
0.979980
0.991119
0.941956
1.095230
0.954514
0.980911
0.965881
0.979370
0.959473
0.954468
0.947861
0.980453
1.007919
1.012833
0.993317
0.913940
1.002716
0.979935
0.953934
0.986267
0.962723
1.128174
0.844925
1.071213
0.947220
0.978302
0.982529
0.935455
0.934052
0.940216
0.977844
1.221954
0.776886
0.988953
0.927826
0.971985
0.984344
0.968597
1.022461
1.344528
0.767212
0.937653
1.079590
0.865250
0.977158
0.944611
0.957428
1.017181
1.227982
0.841492
0.918533
1.094879
0.925415
0.989014
0.936493
1.030075
1.197617
0.999680
0.903427
0.959656
0.871567
0.975006
0.991806
1.117722
1.045517
0.966446
0.980057
0.942017
0.971512
1.021713
0.950317
1.053513
1.187943
0.947357
0.747314
0.997681
1.023224
0.909698
1.525070
0.763763
0.972870
0.970215
0.970856
1.192047
0.692719
1.296371
0.959793
0.816116
1.067352
1.076630
1.080521
0.856796
0.933426
0.917999
1.000214
0.993103
1.314758
0.792618
1.269455
0.923248
0.918442
1.005859
0.940262
1.391037
0.622330
1.157288
0.949280
0.921799
0.928955
0.903717
0.920334
0.943619
0.923843
0.939789
1.038864
0.965820
1.009277
0.950012
1.005798
0.996582
0.948425
0.916428
1.029266
1.163467
0.809509
1.072021
1.025024
0.917450
1.001755
0.992233
0.954636
1.170609
0.891678
1.224075
0.771286
0.834274
0.825485
1.662216
1.054260
0.988968
0.886322
0.901352
0.953964
1.160461
0.930984
1.046265
0.761292
0.862244
1.035431
1.080719
1.465424
0.547058
1.210907
0.879395
0.929794
0.982285
1.008392
1.430527
0.743942
1.036499
0.794266
0.772568
0.898636
0.990845
1.226318
1.007462
1.017548
0.851669
1.003403
0.984833
1.455353
0.688324
0.975266
0.724472
0.956909
0.852905
0.462341
1.003479
0.483902
0.981522
0.965286
0.954361
0.789612
0.633789
0.441635
0.395218
0.435333
0.469315
0.532730
0.682663
0.834778
0.774490
0.915909
1.046112
0.562958
1.083679
0.878677
0.835907
0.935303
0.872101
0.928131
0.928558
0.944016
0.912537
0.847702
1.212784
0.951080
0.819168
1.088577
0.735565
0.984879
0.824112
0.926590
0.837692
1.041122
0.924500
0.955276
1.185577
1.039124
0.902420
0.769211
0.776657
1.009521
1.103943
1.366837
0.937088
0.940811
0.922379
0.944992
1.050201
1.179977
0.812271
1.010895
0.925385
0.971802
0.939804
0.953751
0.949600
0.905136
0.939590
0.884766
0.958923
1.027328
0.942123
1.003326
0.893661
0.976364
1.022659
0.987747
1.017105
1.007339
1.294128
0.793228
1.134415
0.927963
0.902084
0.980652
0.878845
1.128723
1.149475
1.129547
0.804871
0.842377
1.123764
1.077011
0.950668
0.532089
0.979736
1.404465
0.783737
0.890823
0.782913
0.867233
1.102631
1.235031
1.098557
0.656738
0.875015
0.976624
1.184006
0.845795
0.933853
0.994766
0.892105
0.931580
0.884644
0.915634
0.917252
0.960510
1.009689
0.905777
1.058029
0.950745
0.936264
0.938034
0.915314
0.939438
1.006638
1.521164
0.613251
1.134491
0.916061
0.958344
0.979309
0.977203
1.039963
1.364517
0.750244
1.199585
0.856613
1.001740
0.928726
0.910141
0.874527
0.992905
1.338913
0.822906
1.193268
0.914734
0.967239
0.960861
0.983337
1.411896
0.814835
1.102203
0.934464
0.971191
1.033859
0.946732
0.929977
0.650009
0.151581
0.181610
0.155716
0.167297
0.153946
0.175568
0.118347
0.241257
0.135742
0.132675
0.134857
0.125443
0.129700
0.119919
0.122711
0.107437
0.105560
0.086990
0.080536
0.012253
0.038010
0.060974
-0.011353
0.031372
-0.014877
-0.029800
-0.048615
