-0.141586
-0.035095
-0.023514
0.073212
0.617584
0.361115
0.285751
0.376694
0.016785
0.175186
0.099731
0.334885
0.268326
0.321411
0.288132
0.088287
0.000198
-0.241638
0.039886
0.074341
0.169769
0.033707
-0.078186
0.480789
0.241943
0.184631
0.484894
0.458786
0.433060
0.440460
0.313828
0.461853
0.522964
0.521240
0.540665
0.514145
0.503128
0.396072
0.472763
0.409470
0.431000
0.395050
0.382828
0.421585
0.395737
0.393097
0.376678
0.360321
0.368439
0.370483
0.367096
0.409317
0.361053
0.440155
0.420563
0.406769
0.404312
0.406158
0.407257
0.400848
0.421890
0.454697
0.466675
0.444138
0.489395
0.483032
0.586807
0.498108
0.541901
0.561279
0.581085
0.502563
0.480270
0.514557
0.156952
0.134949
0.213470
0.190628
0.201401
0.059326
0.184494
0.367081
0.262589
0.365555
0.510239
0.427567
0.411713
0.455673
0.343307
0.474823
0.645294
0.024719
0.259689
0.092270
0.233475
0.159973
0.098724
0.093414
0.297882
0.215515
0.297852
0.198090
0.328568
0.398102
0.221237
0.188797
0.427475
0.013367
0.264389
0.108353
0.147278
0.111420
0.100006
0.137680
0.154083
0.007370
0.347260
0.306168
0.242554
0.328430
0.265366
0.266754
0.149063
0.197540
0.480148
0.146500
0.195557
0.153168
0.065918
0.162613
0.076538
0.114166
0.144058
0.173523
0.270233
0.517258
0.444443
0.559326
0.609314
0.628128
0.674866
0.661987
0.678360
0.643784
0.728058
0.675858
0.661819
0.677612
0.668381
0.640198
0.656937
0.609314
0.525436
0.502090
0.607208
0.270950
-0.023026
-0.010483
0.000671
0.102219
0.042221
-0.014481
-0.021225
-0.008072
0.019547
0.022461
0.110977
0.142075
0.193771
0.196365
0.192490
0.161667
0.161148
0.179153
0.210617
0.227676
0.265076
0.268906
0.308823
0.295502
0.336655
0.354111
0.313538
0.349564
0.274277
0.328537
0.254227
0.124954
0.096039
0.094604
0.028778
0.011353
-0.019089
-0.033173
-0.066498
-0.089478
-0.104752
-0.085220
-0.094772
-0.060181
-0.047791
-0.006577
0.119843
0.207520
0.232773
0.272919
0.313614
0.304916
0.324387
0.334442
0.341522
0.272873
0.191757
0.226425
0.184708
0.148941
0.199249
0.071426
0.072372
0.040436
0.051971
-0.005142
0.032623
0.022675
0.015793
-0.016205
0.037033
0.174850
0.209763
0.438507
0.412003
0.369370
0.319611
0.267593
0.187378
0.330231
0.171585
0.098648
0.135956
0.042206
0.076355
0.074554
0.019928
0.213699
0.357681
0.335480
0.292786
0.311569
0.181534
0.150772
0.667007
0.176254
0.120285
0.152435
0.098373
0.134781
0.121063
0.134995
0.148209
0.427383
0.268280
0.343704
0.315475
0.265076
0.225159
0.206802
0.402832
0.265717
0.134705
0.190582
0.073273
0.109650
0.076706
0.125809
0.106644
0.163040
0.357086
0.274872
0.280365
0.282928
0.299667
0.302170
0.322617
0.304459
0.273651
0.259277
0.331848
0.219070
0.305740
0.249512
0.252426
0.260834
0.263885
0.266342
0.246460
0.251648
0.265991
0.265167
0.266144
0.261871
0.267395
0.317764
0.350143
0.323364
0.364380
0.442169
0.445221
0.407043
0.469833
0.552933
0.578598
0.559402
0.584106
0.596222
0.596771
0.596146
0.597855
0.612503
0.639481
0.598953
0.587585
0.587158
0.529282
0.469421
0.554245
0.410950
0.240311
0.018967
0.036331
0.003540
-0.025421
-0.028534
-0.054825
-0.065247
-0.068985
-0.043457
-0.086075
-0.078537
-0.056747
-0.065308
-0.000916
-0.060150
-0.003662
0.037872
0.055099
0.033188
0.239136
0.038818
0.262238
0.192871
0.201065
0.186752
0.201309
0.203674
0.172302
0.206451
0.160187
0.201263
0.218903
0.182220
0.207397
0.189056
0.195557
0.218750
0.205139
0.242889
0.284286
0.288925
0.296341
0.268066
0.336273
0.356583
0.314224
0.341599
0.103851
0.248230
0.254852
0.165100
0.148911
0.127960
0.036407
0.057922
0.081512
0.048431
0.235794
0.290329
0.400696
0.350052
0.392349
0.371231
0.426300
0.382904
0.374802
0.404938
0.468185
0.373428
0.378036
0.349747
0.352158
0.333359
0.337570
0.349457
0.338638
0.344696
0.360947
0.351807
0.352768
0.366486
0.348907
0.352142
0.335678
0.357803
0.317612
0.361267
0.377060
0.296097
0.381744
0.342834
0.363571
0.380890
0.218811
0.302673
0.322586
0.305054
0.213913
0.061813
-0.022171
-0.017914
-0.022049
-0.010147
-0.060165
-0.048401
-0.038681
-0.050552
-0.042221
-0.009659
0.050323
0.226929
0.191971
0.213669
0.305740
0.276001
0.263336
0.317612
0.250473
0.220322
0.170990
0.153519
0.135880
0.036926
-0.011612
-0.122604
-0.117111
-0.176743
-0.178696
-0.150024
-0.171814
-0.131912
-0.115295
-0.088898
-0.244247
0.337601
0.072189
0.004089
0.111908
0.348465
0.347168
0.085663
0.301163
0.253281
0.071838
-0.306808
0.003159
0.210419
0.338196
-0.048721
-0.115753
0.082657
0.178314
-0.032593
-0.227127
-0.382675
-0.165039
0.173630
-0.026978
0.329269
-0.048309
-0.039047
-0.172028
-0.426544
0.003525
0.116196
0.146667
0.102585
-0.338699
0.076218
-0.229660
-0.084503
-0.008255
0.148224
0.244705
-0.154099
0.659058
0.087433
0.010818
-0.026016
-0.051971
-0.293625
0.372284
0.261932
0.026474
0.445908
0.343353
-0.099640
0.155457
-0.171860
0.267624
-0.231232
-0.132126
-0.482605
-0.174026
-0.009766
0.557648
0.192139
0.116531
-0.177521
0.144241
0.006668
-0.097763
-0.048431
-0.117493
-0.170868
-0.074249
-0.226654
-0.275253
0.174469
0.214386
0.277176
0.296875
0.248749
0.090195
-0.031021
0.237152
-0.005508
0.071198
-0.086639
-0.010269
-0.055634
0.018188
0.051804
-0.022629
0.211136
0.186340
0.265411
0.281525
0.217972
0.283340
0.287521
0.263519
0.267410
0.373840
0.233429
0.354385
0.386337
0.345245
0.297913
0.283539
0.294724
0.170319
0.236954
-0.011230
-0.311417
-0.122925
-0.140427
-0.206116
-0.188034
-0.294693
-0.175980
-0.219269
-0.176895
-0.147415
-0.235077
-0.164520
-0.185120
-0.144623
0.240341
0.122833
0.042526
0.128922
0.204071
0.272720
0.157639
-0.105545
0.131592
-0.097717
-0.030502
0.080612
-0.093246
-0.151642
-0.099197
-0.217178
-0.127396
0.272156
0.268280
0.167435
0.174866
-0.001038
-0.192398
0.250107
0.027634
-0.026352
0.059158
-0.019714
-0.025696
-0.108353
-0.005142
0.080505
0.273163
0.165848
0.249268
0.166382
0.148346
0.162582
0.108704
0.066544
0.007721
0.085175
-0.024338
-0.005707
-0.102737
-0.107208
-0.136337
-0.136490
-0.084366
-0.103638
-0.104095
-0.042374
-0.025421
-0.002304
0.082901
0.100830
0.086914
0.162933
0.269348
0.268311
0.258270
0.227264
0.318298
0.175491
0.410843
0.380997
0.434601
0.458694
0.484268
0.466461
0.421402
0.431625
0.386063
0.404312
0.358566
0.380508
0.385071
0.438309
0.435272
0.397308
0.428757
0.421509
0.436676
0.471939
0.441910
0.367264
0.238388
0.328690
0.263245
0.159622
0.267548
-0.059967
-0.187103
-0.030106
-0.121124
-0.101212
-0.136444
-0.108200
-0.209030
0.213470
0.085800
0.134430
0.090286
0.131561
0.130569
0.034912
0.222397
-0.130524
-0.064850
-0.007553
-0.214417
-0.027878
-0.128525
-0.074982
-0.020599
0.015137
0.043594
0.057846
0.078278
0.087570
0.126419
0.176407
0.165939
0.146439
0.144577
0.204315
0.222244
0.199615
0.355408
0.313400
0.272308
0.339630
0.341431
0.306213
0.370087
0.407318
0.407379
0.382462
0.422546
0.415009
0.381119
0.354843
0.334091
0.323822
0.298141
0.260239
0.196381
0.250534
0.250366
0.148514
0.089172
0.117722
0.054398
-0.132339
0.151947
0.118423
0.026657
0.072067
0.036194
0.054047
0.034210
0.036346
0.021606
0.021011
0.060944
-0.026703
-0.097397
-0.091522
-0.093948
-0.089249
-0.120087
-0.137238
0.007553
0.171936
0.105392
0.266495
0.080734
0.162643
0.082870
0.076813
0.088989
-0.015594
0.080215
-0.114578
0.022095
-0.040070
-0.059387
0.107590
0.334747
0.241470
0.274170
0.335922
0.355606
0.365326
0.365906
0.393982
0.398788
0.411194
0.386978
0.395081
0.416977
0.357819
0.333694
0.307007
0.322922
0.334457
0.147797
-0.214539
-0.083511
-0.021667
-0.061951
-0.125931
-0.122559
-0.082626
-0.091141
0.024094
-0.075836
0.207275
0.170181
0.124664
0.136017
0.138687
0.203857
0.195114
0.150375
0.019592
-0.002029
0.079803
-0.100540
0.111374
-0.183807
-0.126617
-0.116821
-0.230621
-0.152100
-0.289719
-0.235733
-0.217606
-0.250351
-0.247894
0.123413
-0.031036
0.131775
0.194016
0.043686
0.172165
0.059677
-0.042831
0.150787
0.049728
0.020477
-0.050079
-0.070053
-0.116028
-0.082367
-0.130707
-0.148117
-0.180298
-0.084503
0.066010
0.116074
-0.050217
0.034027
-0.026535
0.015793
-0.143936
-0.061295
-0.087997
-0.091293
-0.102264
-0.090973
-0.093155
-0.071930
-0.028427
0.042587
0.080612
-0.044815
0.106934
0.186752
0.167023
0.143311
0.124329
0.013687
0.058121
0.243301
-0.075729
-0.117203
-0.155533
-0.117401
-0.062378
-0.098862
-0.133041
-0.124863
0.106888
0.175919
0.055740
0.182907
0.229370
0.139740
0.181015
0.131256
0.076477
-0.028015
0.040024
-0.057907
0.046692
-0.044907
0.016464
-0.138077
0.161392
0.188995
-0.026840
0.130371
0.229919
0.075821
0.026077
0.129120
-0.178833
0.092209
-0.167664
-0.072922
-0.140289
-0.129883
-0.151947
-0.195847
0.179321
0.073135
0.088394
0.269440
0.187363
0.150909
0.139481
0.163956
-0.020691
-0.101364
-0.017746
-0.140091
-0.122879
-0.157150
-0.145615
-0.134064
-0.158081
-0.121506
-0.212814
-0.136612
-0.178848
-0.143402
-0.063904
0.029205
0.018906
0.243729
0.118103
0.157394
0.265472
0.203415
0.189606
0.068634
-0.022598
0.047760
-0.134705
-0.028061
0.118454
-0.172699
-0.041016
-0.101440
0.037079
0.127960
0.071304
0.116745
0.116226
0.149918
0.104401
0.135315
0.147842
0.135284
0.136597
0.142746
0.141357
0.137955
0.117584
0.078339
0.133453
0.077072
-0.008621
0.266296
0.294586
0.269760
0.155792
-0.189453
-0.024414
0.002106
-0.154968
0.049530
-0.139755
-0.205811
-0.195587
-0.182953
-0.084198
-0.237595
0.083084
0.381302
0.140686
0.258636
0.268463
0.213959
0.146637
0.072739
0.047226
0.189056
0.026535
-0.061020
-0.085785
-0.128571
-0.194809
-0.165009
-0.138031
-0.213593
-0.178116
-0.251160
-0.154144
-0.171967
-0.166519
-0.142075
-0.166962
-0.057861
0.274551
0.139023
0.160828
0.237137
0.389389
0.294189
0.260010
0.312119
0.348923
0.327484
0.399933
0.151184
0.393265
0.494125
0.351822
0.354813
0.308075
0.197342
0.243515
-0.186081
0.181808
-0.122452
-0.031235
-0.092773
-0.080521
-0.075027
-0.078995
-0.063293
-0.145493
0.331223
0.127930
0.232544
0.177643
0.160202
0.201416
0.204880
0.227173
0.214371
0.311752
0.193771
-0.056824
0.045441
-0.000885
-0.067749
-0.061630
-0.106247
-0.004211
-0.056046
-0.031662
0.036942
-0.005432
0.056458
0.265396
0.310806
0.185532
0.436218
0.373337
0.467484
0.445984
0.341415
0.306610
0.290268
0.248703
0.257721
0.265594
0.091309
-0.001282
0.103729
0.123062
0.028198
0.042664
0.284500
0.520706
0.078278
0.433212
0.263992
0.367767
0.284058
0.339142
0.338089
0.312057
0.337296
0.318451
0.296402
0.307159
-0.225967
-0.027908
-0.244598
-0.230743
-0.261642
-0.296890
-0.283798
-0.281525
-0.274307
-0.276627
-0.261765
-0.251450
-0.245712
-0.160080
-0.119949
-0.111038
-0.078644
0.061417
0.091705
0.047348
0.122803
0.110306
0.159943
0.123276
0.120483
0.138641
0.127670
0.143906
0.160995
0.102737
0.095291
0.155731
0.160797
0.180618
0.181305
0.138962
0.190491
0.123520
-0.002411
0.075607
0.126053
0.047897
0.044983
-0.019653
-0.034424
-0.044907
0.020782
0.012650
0.127914
0.209213
0.207993
0.248779
0.143799
0.185577
0.111908
0.096252
0.108490
0.265137
0.032196
0.113037
0.052948
-0.074615
-0.064941
-0.149368
-0.145782
-0.077606
-0.066986
-0.117645
-0.049072
0.232910
0.037064
0.223877
0.248093
0.225006
0.281616
0.288254
0.283127
0.332397
0.306671
0.300552
0.332993
0.314789
0.304398
0.312210
0.278656
0.268204
0.238327
0.154694
0.289001
-0.001892
-0.240845
-0.101135
-0.058563
-0.068893
-0.145538
-0.137131
-0.097244
-0.124985
-0.274750
0.224823
0.021957
0.082520
0.271210
0.098007
0.151550
0.133026
0.128067
-0.089706
-0.012726
-0.010559
-0.180466
-0.033768
0.056396
0.137817
0.259628
0.185379
-0.088898
0.478775
-0.121872
0.005615
0.019257
0.058609
-0.000427
-0.113708
0.454651
0.279770
0.345383
0.429489
0.384903
0.167511
0.283249
0.159500
0.725632
0.157974
0.250427
0.261841
0.264404
0.297012
0.263412
0.285355
0.267822
0.321487
0.292999
0.269730
0.273285
0.290222
0.277618
0.274048
0.276199
0.268265
0.273666
0.261276
0.271530
0.265259
0.263672
0.257599
0.237198
0.241501
0.263733
0.261383
0.235275
0.289886
0.247665
0.379883
0.420685
0.478043
0.457535
0.451233
0.301147
0.259811
0.158173
0.257980
0.325699
0.148773
0.238876
0.218109
0.240524
0.233765
0.231308
0.245087
0.228226
0.240234
0.245300
0.236847
0.238251
0.237457
0.237350
0.230255
0.235367
0.233749
0.233215
0.233109
0.228836
0.226105
0.234283
0.234161
0.228638
0.226440
0.229965
0.231979
0.224670
0.228592
0.230103
0.224533
0.226578
0.229340
0.229065
0.229218
0.227600
0.229156
0.223114
0.233719
0.223892
0.227081
0.229736
0.235855
0.216339
0.225449
0.223206
0.235641
0.220779
0.217133
0.221756
0.240860
0.220139
0.225204
0.213623
0.229279
0.218277
0.215591
0.223465
0.208221
0.208115
0.224991
0.223083
0.186890
0.199982
0.202637
0.202515
0.208893
0.214081
0.205338
0.212387
0.213776
0.203018
0.218658
0.211044
0.202133
0.198685
0.204254
0.195633
0.201981
0.203445
0.202454
0.192551
0.187927
0.218445
0.213058
0.240814
0.191055
0.201355
0.150024
0.210785
0.172272
0.192886
0.198074
0.161484
0.223495
0.555084
0.529266
0.447464
0.444870
0.310959
0.337158
0.398056
0.342743
0.301193
0.250366
0.333786
-0.324905
0.040253
-0.087646
-0.334641
-0.063858
-0.198929
-0.169357
-0.185715
-0.186569
-0.147247
-0.185349
-0.095749
0.036072
0.028915
0.088440
0.013748
0.046799
0.097076
0.049240
0.090073
0.308395
0.179108
-0.028320
-0.129333
0.052765
0.246643
0.267090
0.102722
0.186050
0.195602
0.103775
0.128281
0.043304
0.230057
0.472595
0.318161
0.354630
0.248352
0.265366
0.279846
0.240326
0.230927
0.276703
0.262436
0.240005
0.262939
0.279175
0.325974
0.302719
0.199982
0.386978
0.353348
0.424438
0.394104
0.405151
0.501526
0.484314
0.507080
0.462799
0.560028
0.480362
0.534988
0.505737
0.499329
0.496521
0.509811
0.438232
0.435059
0.402802
0.319550
0.317398
0.174652
0.111771
-0.008011
-0.173599
-0.177917
-0.307709
-0.211472
-0.195786
-0.272995
-0.182632
-0.238617
0.064468
0.055069
0.091309
0.052887
0.261826
0.019196
0.091156
0.097122
0.084244
0.073761
-0.075012
-0.050949
-0.103226
-0.123322
-0.011948
-0.138550
0.106613
0.233124
0.078171
0.086899
0.235092
0.034225
0.136261
0.019333
-0.046066
0.034760
-0.121078
-0.097412
-0.160934
-0.161942
-0.196548
-0.223343
0.137695
0.165161
-0.009338
0.248398
0.100433
-0.035233
0.135071
0.015442
-0.053833
0.084091
-0.051437
-0.141449
-0.050690
-0.171844
0.196487
0.056717
0.082672
0.126205
0.097366
0.039749
0.044189
-0.053482
-0.048706
-0.056839
-0.141159
-0.112305
-0.143158
-0.122650
-0.129913
-0.118805
-0.167786
-0.133255
-0.135529
-0.164734
-0.167511
-0.152985
-0.165390
-0.148056
-0.131149
-0.200516
-0.088593
-0.136719
-0.095917
0.120148
0.068924
0.145264
0.089417
0.254089
0.142609
0.217834
0.098358
0.072281
0.087952
0.086273
-0.111404
-0.112823
-0.154068
-0.170151
-0.098694
-0.209427
-0.142838
-0.070251
-0.050323
0.179947
0.179825
0.159821
0.144699
0.172836
0.278214
0.210648
0.203796
0.181961
0.253113
-0.123230
-0.183792
-0.097916
-0.054413
-0.139374
-0.126541
-0.124802
-0.188644
0.083099
0.138763
0.033218
0.172409
0.203857
0.184525
0.167023
0.024506
0.222855
-0.039154
-0.016663
-0.009552
-0.101486
-0.064743
-0.100128
-0.248428
-0.005417
0.190002
0.052856
0.087250
0.186142
0.122787
-0.013367
0.088837
0.210007
-0.038071
-0.048981
-0.068756
-0.095901
-0.182907
-0.021011
-0.143875
0.213409
-0.080215
0.210922
0.083435
0.078445
-0.116287
0.141174
-0.233459
0.070389
-0.165192
-0.171143
-0.115494
0.006744
-0.033630
0.043716
0.174454
-0.090057
-0.036865
0.120468
-0.173126
-0.029892
-0.182648
-0.138138
-0.242401
-0.094193
-0.021683
0.033737
-0.075241
0.009399
-0.008774
0.087341
0.139862
-0.338806
0.036880
-0.177628
-0.415848
-0.242874
-0.273880
-0.282959
-0.242065
-0.241272
-0.229462
-0.060593
-0.141876
0.013947
0.015320
0.040527
0.092270
0.101883
0.176468
-0.132660
0.179642
0.023666
-0.077133
-0.025787
-0.134918
-0.136276
-0.161407
-0.050293
-0.122482
0.168732
-0.140961
0.258377
0.078857
0.047501
0.057373
-0.045090
0.040192
-0.118484
-0.012604
-0.174026
0.037949
0.015427
0.130386
0.281311
0.049255
0.080551
0.032822
-0.056931
-0.055862
-0.162094
-0.153458
-0.196564
-0.127533
-0.280106
-0.328964
0.207565
-0.103683
0.377289
0.208282
0.208954
-0.112396
0.690460
-0.105759
0.003601
0.094437
0.135315
-0.307526
0.386780
0.387756
-0.009308
0.280502
0.032791
0.063843
0.198914
0.119934
-0.036743
0.344864
0.321518
0.447357
0.539948
0.233734
0.277145
0.297150
0.245148
0.179382
0.274551
0.197906
-0.025375
0.118622
0.124313
0.035294
0.359924
0.380875
0.384140
0.264847
0.317200
0.329498
0.268311
0.283585
0.216446
0.271332
0.362442
0.052414
-0.699799
-0.215942
-0.143005
-0.330124
-0.360001
-0.287888
-0.304825
-0.322662
-0.271744
-0.196350
-0.224228
0.119293
-0.008820
0.312485
0.181396
0.268692
0.178467
-0.000244
0.210632
0.091751
0.003479
-0.092575
0.073441
-0.008362
0.044189
0.207611
0.260452
0.267044
0.188095
0.270096
0.313400
0.271393
0.295227
0.315765
0.285492
0.302231
0.155502
0.139771
-0.170837
-0.120483
0.019394
-0.026978
-0.172989
-0.080780
-0.041611
0.041183
0.313004
0.152283
0.154480
0.234924
0.126877
0.131897
0.141739
-0.063171
0.095505
-0.074127
-0.082489
-0.031067
0.274002
0.058853
0.104187
-0.089340
0.177200
-0.053284
-0.009811
-0.084549
-0.139618
0.009979
0.043594
0.064636
0.043259
-0.009781
0.064880
-0.045212
-0.275635
-0.218552
-0.062729
-0.357468
-0.263565
-0.274521
-0.308609
-0.235809
-0.242493
-0.225632
-0.235138
0.026611
0.005112
0.037582
0.230988
0.098434
0.137726
0.122086
0.053925
-0.170517
0.095444
-0.209564
-0.064575
-0.156876
-0.123505
-0.086319
-0.089523
0.243790
0.115738
0.100861
0.149963
0.166489
0.259583
0.255539
-0.058487
0.171829
0.178818
-0.212952
0.051910
-0.239243
-0.048691
-0.120316
-0.101929
0.343262
0.004730
0.205795
0.128983
0.128021
0.166748
0.159775
0.343597
-0.043121
-0.091873
-0.060776
-0.118835
-0.092606
-0.037979
-0.101639
-0.267624
-0.135605
-0.150375
-0.165909
-0.168045
-0.180161
-0.163971
-0.166382
-0.168274
-0.168015
-0.196945
-0.233871
-0.287491
-0.199600
-0.278000
-0.254593
-0.251083
-0.251175
-0.290604
-0.290436
